function c=tissue_specific_extinction_coefficient_650to1000;
% Specific	extinction	coeffs	taken from BORL
% Water measured by Matcher at 37Celcius
% specific extinction coefficients in	OD/M/cm

%__________________________________________________________________________
% Specific Extinction is described using base 10 logarithm units and Specific Absorption is
% described using natural logarithm units. The difference between them is a
% scaling factor of ln10:specific absorption coefficient = specific
% extinction coefficient x 2.3025851.
%__________________________________________________________________________

% ---------------------------------------------------------------------------------------------------------
%Wavelengths(nm)	Water(OD/M/cm)	HbO2 (OD/M/cm)	HHb (OD/M/cm)
%Difference Cytochrome Oxidase (OD/M/cm) ox-redCCO (OD/M/cm)_Moody 
%oxCCO (OD/M/cm)_Moody redCCO (OD/M/cm)_Moody Fat Soybean (OD/cm)_Ekker
%
% ---------------------------------------------------------------------------------------------------------
c=[
650	2.50903E-05	386.80	3734.15	4929.24	3561.2362	6907.4375	3346.2013	0.013596284
651	2.52708E-05	379.20	3702.97	4892.33	3546.7362	6851.975	3305.2388	0.013719557
652	2.61733E-05	372.10	3671.79	4855.41	3535.7162	6807.025	3271.3088	0.013596284
653	2.59928E-05	365.81	3640.47	4806.77	3525.3125	6760.625	3235.3125	0.013348998
654	2.65343E-05	360.01	3611.68	4758.13	3508.6737	6715.3125	3206.6388	0.013100232
655	2.54513E-05	354.41	3583.19	4702.97	3490.005	6665.65	3175.645	0.012941531
656	2.59928E-05	349.41	3554.61	4648.25	3469.415	6613.0875	3143.6725	0.012840481
657	2.56318E-05	345.01	3525.99	4587.89	3442.6263	6553.6375	3111.0112	0.012743883
658	2.87004E-05	340.91	3497.33	4527.95	3415.91	6494.55	3078.64	0.012639359
659	2.76173E-05	337.52	3468.62	4463.68	3379.9137	6430.3875	3050.4738	0.012520503
660	2.99639E-05	334.52	3439.92	4399.84	3336.6312	6354.625	3017.9938	0.012363973
661	2.99639E-05	331.71	3405.35	4332.00	3297.5538	6283.2125	2985.6587	0.012172429
662	2.94224E-05	329.32	3370.86	4263.90	3244.0125	6202.7375	2958.725	0.012069478
663	2.96029E-05	327.52	3336.25	4191.72	3185.4688	6113.2	2927.7312	0.012164246
664	2.87004E-05	325.92	3298.16	4119.54	3120.1462	6020.7625	2900.6163	0.012386991
665	2.96029E-05	324.42	3257.38	4044.58	3045.1087	5919.2625	2874.1538	0.012639138
666	2.96029E-05	323.32	3216.60	3969.50	2969.455	5815.5875	2846.1325	0.012885648
667	2.96029E-05	322.62	3175.39	3897.32	2884.775	5705.75	2820.975	0.013119333
668	2.90614E-05	321.92	3131.91	3825.14	2803.9375	5600.9875	2797.05	0.013380874
669	3.01444E-05	321.52	3088.31	3751.96	2713.3487	5488.6125	2775.2638	0.013682552
670	2.99639E-05	321.22	3044.71	3678.78	2623.5213	5374.0625	2750.5412	0.013875188
671	2.92419E-05	321.12	2998.54	3606.38	2537.2825	5266.4	2729.1175	0.013826607
672	3.03249E-05	321.12	2951.16	3533.98	2454.705	5164.175	2709.47	0.013634111
673	3.08664E-05	321.32	2903.78	3462.63	2356.7575	5044.1875	2687.43	0.013415061
674	3.213E-05	321.32	2856.18	3391.23	2279.6175	4950.3	2670.6825	0.013137582
675	2.99639E-05	321.02	2807.97	3321.57	2201.245	4856.4125	2655.1675	0.012752053
676	2.99639E-05	320.72	2759.90	3251.87	2116.3112	4754.55	2638.2388	0.012287103
677	3.08664E-05	320.52	2711.69	3183.29	2034.2412	4651.9625	2617.7213	0.01178992
678	3.10469E-05	320.42	2664.53	3114.80	1965.6925	4572.9375	2607.245	0.011303686
679	3.10469E-05	320.02	2617.62	3055.44	1891.235	4478.325	2587.09	0.010858673
680	3.19495E-05	319.32	2570.63	2996.02	1810.905	4381.9	2570.995	0.01043753
681	3.30325E-05	318.52	2524.16	2948.86	1739.3837	4298.1625	2558.7788	0.010019615
682	3.4296E-05	318.02	2478.17	2901.65	1681.4925	4234	2552.5075	0.009618754
683	3.30325E-05	317.22	2432.27	2861.57	1619.94	4158.2375	2538.2975	0.009249746
684	3.26715E-05	316.22	2386.40	2821.57	1558.6413	4088.275	2529.6337	0.008896826
685	3.3935E-05	315.62	2343.02	2785.17	1502.5625	4016.5	2513.9375	0.008545568
686	3.48375E-05	315.02	2299.81	2748.69	1448.695	3952.7	2504.005	0.00821746
687	3.61011E-05	313.92	2256.64	2717.29	1394.6462	3887.0875	2492.4413	0.007931802
688	3.68231E-05	313.42	2215.64	2685.94	1351.1825	3829.8125	2478.63	0.007663213
689	3.82671E-05	312.52	2176.64	2659.01	1304.4925	3776.1625	2471.67	0.007392104
690	3.70036E-05	312.22	2137.64	2632.13	1263.4213	3726.8625	2463.4412	0.007166728
691	3.97112E-05	312.12	2099.16	2608.63	1227.0987	3679.0125	2451.9138	0.007038198
692	4.06137E-05	312.12	2065.07	2585.05	1188.8913	3635.875	2446.9837	0.007001218
693	4.04332E-05	312.22	2030.98	2565.55	1150.9375	3594.6225	2443.685	0.007021003
694	4.11552E-05	312.42	1996.89	2546.14	1115.775	3554.53	2438.755	0.007001218
695	4.29603E-05	312.92	1966.01	2523.34	1084.3462	3513.06	2428.7138	0.006856485
696	4.54874E-05	313.92	1936.52	2500.67	1054.9113	3478.4775	2423.5662	0.006606792
697	4.63899E-05	314.72	1907.12	2479.95	1025.2225	3436.9713	2411.7488	0.006301347
698	4.69314E-05	316.32	1878.63	2459.28	1003.3275	3403.8025	2400.475	0.006000864
699	5.01805E-05	318.02	1852.53	2437.00	983.3538	3376.1075	2392.7537	0.005752083
700	5.1444E-05	319.82	1826.56	2414.81	964.0688	3350.1888	2386.12	0.005534345
701	5.05415E-05	321.82	1800.54	2391.57	945.2912	3328.5475	2383.2563	0.005323309
702	5.1083E-05	324.22	1777.26	2368.38	933.655	3314.12	2380.465	0.005147302
703	5.34296E-05	326.82	1754.33	2343.19	919.6625	3295.56	2375.8975	0.005039643
704	5.43321E-05	329.52	1731.45	2317.92	909.8025	3278.2688	2368.4663	0.005000944
705	5.50542E-05	332.21	1709.47	2294.90	903.9663	3263.2975	2359.3312	0.005011236
706	5.68592E-05	335.11	1688.28	2271.92	897.0425	3248.8338	2351.7913	0.005000944
707	6.10108E-05	338.52	1667.08	2244.04	887.5812	3234.1525	2346.5713	0.004901793
708	6.20939E-05	341.71	1645.98	2216.12	886.5662	3225.0537	2338.4875	0.004700326
709	6.26354E-05	344.91	1626.30	2188.32	887.9075	3215.23	2327.3225	0.004423357
710	6.58845E-05	348.41	1606.59	2160.66	888.4875	3209.285	2320.7975	0.004203971
711	7.00361E-05	352.31	1586.91	2135.64	890.9162	3200.9112	2309.995	0.004162846
712	7.12996E-05	356.31	1567.28	2110.67	896.2087	3197.0325	2300.8238	0.004264772
713	7.49097E-05	360.11	1547.70	2081.57	902.8424	3194.0237	2291.1813	0.004449067
714	7.85199E-05	363.81	1528.11	2052.48	909.4037	3188.4412	2279.0375	0.004709055
715	8.2491E-05	367.91	1508.91	2024.98	922.9251	3186.3388	2263.4137	0.005049134
716	8.57401E-05	372.30	1490.32	1997.49	932.64	3182.17	2249.53	0.005463989
717	8.91697E-05	376.40	1471.74	1973.09	943.5513	3182.75	2239.1987	0.005940975
718	9.42238E-05	380.60	1453.15	1948.72	957.8338	3184.2	2226.3662	0.00644784
719	9.9639E-05	385.30	1436.12	1926.92	970.9925	3183.33	2212.3375	0.006952749
720	0.000101264	389.80	1419.32	1905.03	984.9124	3184.5262	2199.6138	0.007445154
721	0.000106859	394.20	1402.55	1887.40	999.4125	3188.6225	2189.21	0.007929998
722	0.000112274	398.70	1387.14	1869.81	1013.8763	3197.5763	2183.7	0.008452891
723	0.000117509	403.40	1372.94	1857.35	1028.7025	3202.5425	2173.84	0.009056525
724	0.000120217	408.20	1358.86	1844.84	1045.0513	3206.82	2161.7687	0.009731236
725	0.000127617	413.20	1345.27	1835.24	1065.1337	3210.0825	2144.9488	0.010458295
726	0.000133394	418.00	1334.85	1825.64	1082.6425	3218.2025	2135.56	0.011235068
727	0.000141155	422.89	1324.55	1817.52	1100.0787	3221.7912	2121.7125	0.012070345
728	0.000148014	427.99	1314.26	1809.44	1114.8687	3226.2137	2111.345	0.013002516
729	0.000155415	433.09	1307.75	1805.36	1131.1812	3233.2825	2102.1013	0.014035131
730	0.00016444	438.16	1302.58	1801.24	1147.5662	3238.865	2091.2988	0.01500279
731	0.00017491	443.37	1297.28	1800.54	1165.1113	3244.4113	2079.3	0.015738263
732	0.000185018	448.67	1294.28	1799.93	1181.6413	3251.3713	2069.73	0.016235969
733	0.000196209	453.88	1294.68	1799.46	1197.9538	3260.2163	2062.2625	0.016542019
734	0.000205235	459.18	1294.98	1798.93	1214.1574	3267.2487	2053.0913	0.016747655
735	0.000213357	464.48	1295.59	1800.54	1231.63	3273.8463	2042.2163	0.016923295
